2 3 1152921504606846976
1 2 1152921504606846976
4 3 1152921504606846976
3 2 1152921504606846976
6 3 1152921504606846976
5 2 1152921504606846976
8 3 1152921504606846976
7 2 1152921504606846976
0 1 1152921504606846976
4 4 1152921504606846976
3 3 1152921504606846976
6 4 1152921504606846976
5 3 1152921504606846976
8 4 1152921504606846976
7 3 1152921504606846976
0 2 1152921504606846976
2 2 1152921504606846976
1 1 1152921504606846976
4 5 1152921504606846976
3 4 1152921504606846976
6 5 1152921504606846976
5 4 1152921504606846976
8 5 1152921504606846976
7 4 1152921504606846976
0 3 1152921504606846976
1 2 1152921504606846976
2 1 1152921504606846976
2 4 1152921504606846976
1 3 1152921504606846976
6 4 1152921504606846976
5 3 1152921504606846976
8 4 1152921504606846976
7 3 1152921504606846976
0 2 1152921504606846976
4 2 1152921504606846976
3 1 1152921504606846976
2 5 1152921504606846976
1 4 1152921504606846976
6 5 1152921504606846976
5 4 1152921504606846976
8 5 1152921504606846976
7 4 1152921504606846976
0 3 1152921504606846976
3 2 1152921504606846976
4 1 1152921504606846976
2 4 1152921504606846976
1 3 1152921504606846976
4 4 1152921504606846976
3 3 1152921504606846976
8 4 1152921504606846976
7 3 1152921504606846976
0 2 1152921504606846976
6 2 1152921504606846976
5 1 1152921504606846976
2 5 1152921504606846976
1 4 1152921504606846976
4 5 1152921504606846976
3 4 1152921504606846976
8 5 1152921504606846976
7 4 1152921504606846976
0 3 1152921504606846976
5 2 1152921504606846976
6 1 1152921504606846976
2 4 1152921504606846976
1 3 1152921504606846976
4 4 1152921504606846976
3 3 1152921504606846976
6 4 1152921504606846976
5 3 1152921504606846976
0 2 1152921504606846976
8 2 1152921504606846976
7 1 1152921504606846976
2 5 1152921504606846976
1 4 1152921504606846976
4 5 1152921504606846976
3 4 1152921504606846976
6 5 1152921504606846976
5 4 1152921504606846976
0 3 1152921504606846976
7 2 1152921504606846976
8 1 1152921504606846976
2305843009213693952
